Casio FX5800P,Casio P